1 - [51.550181, -0.207147]
2 - [51.548503, -0.191011]
3 - [51.543089, -0.192931]
4 - [51.538143, -0.193634]
5 - [51.559394, -0.196944]
6 - [51.552925, -0.188704]

8 - [51.553036, -0.175921]
9 - [51.547612, -0.172375]
10 - [51.543585, -0.174918]
11 - [51.538622, -0.169478]

1965

12 - [51.544238, -0.192642]
13 - [51.546205, -0.178903]
14 - [51.539612, -0.175749]

1977

15 - [51.551072, -0.202678]
16 - [51.551881, -0.192604]
17 - [51.556442, -0.210848]    ( [51.556365, -0.211068] -> [51.556515, -0.210639] )1-5
18 - [51.54831, -0.190995]		( [51.548396, -0.190995] -> [51.548232, -0.190989] )2-3
19 - [51.539712, -0.195426]    ( [51.539352, -0.195007] -> [51.5408, -0.196654] ) kilburn end
20 - [51.54114, -0.19218]      ( [51.541114, -0.1921] -> [51.541181, -0.192245] )
21 - [51.541667, -0.175282]    ( [51.541871, -0.175218] -> [51.541193, -0.175406] )10-14
22 - [51.548813, -0.181231]
23 - [51.551069, -0.203987]
20b - [51.541034, -0.191837]